City,Latitude,Longitude,Maximum Temp,Humidity,Clouds,Wind Speed,Country,Date
bluff,-46.6,168.33,46.99,88,95,10.0,NZ,1596850550
merauke,-8.47,140.33,80.22,82,90,9.93,ID,1596850550
rikitea,-23.12,-134.97,70.07,74,0,18.95,PF,1596850550
blyznyuky,48.86,36.56,64.6,89,0,9.62,UA,1596850550
saldanha,-33.01,17.94,42.8,75,99,2.24,ZA,1596850550
namatanai,-3.67,152.43,75.67,91,100,2.24,PG,1596850550
flinders,-34.58,150.86,59.0,97,75,4.0,AU,1596850550
zhireken,52.82,117.31,57.92,95,100,6.64,RU,1596850550
new norfolk,-42.78,147.06,50.0,73,14,3.0,AU,1596850550
upernavik,72.79,-56.15,40.55,70,100,7.72,GL,1596850550
yulara,-25.24,130.99,53.6,58,0,1.12,AU,1596850550
merrill,45.18,-89.68,75.2,64,1,3.36,US,1596850323
hermanus,-34.42,19.23,52.0,51,8,1.01,ZA,1596850490
lompoc,34.64,-120.46,66.2,68,3,13.87,US,1596850551
road town,18.42,-64.62,84.0,86,100,15.99,VG,1596850368
dunedin,-45.87,170.5,48.0,64,35,15.99,NZ,1596850551
hokitika,-42.72,170.97,56.43,53,0,1.83,NZ,1596850551
san carlos de bariloche,-41.15,-71.31,35.6,80,93,2.24,AR,1596850328
kamenka,51.32,42.77,63.0,80,0,5.99,RU,1596850551
saint george,37.1,-113.58,98.6,7,1,13.87,US,1596850551
ushuaia,-54.8,-68.3,37.4,69,20,4.52,AR,1596850447
punta arenas,-53.15,-70.92,39.2,64,57,19.46,CL,1596850324
lata,40.16,-8.33,64.99,88,67,1.39,PT,1596850551
butaritari,3.07,172.79,84.18,73,11,18.03,KI,1596850551
albany,42.6,-73.97,73.0,83,100,4.25,US,1596850407
nouadhibou,20.93,-17.03,71.6,83,0,17.22,MR,1596850551
turkistan,43.0,68.0,79.57,29,0,10.6,KZ,1596850551
mahebourg,-20.41,57.7,64.4,88,40,2.24,MU,1596850551
ambunti,-4.24,142.84,89.89,55,76,3.09,PG,1596850551
provideniya,64.38,-173.3,51.35,58,66,6.85,RU,1596850551
pentecoste,-3.79,-39.27,75.99,77,0,1.01,BR,1596850551
hobart,-42.88,147.33,50.0,57,20,8.05,AU,1596850384
mehamn,71.04,27.85,50.7,90,56,9.44,NO,1596850551
vaini,-21.2,-175.2,75.2,69,20,6.93,TO,1596850552
yar-sale,66.83,70.83,50.94,94,100,16.91,RU,1596850552
tsabong,-26.02,22.4,50.76,82,0,22.55,BW,1596850552
sao filipe,14.9,-24.5,77.88,88,41,11.18,CV,1596850552
larap,14.3,122.65,81.68,83,100,8.23,PH,1596850552
buraydah,26.33,43.98,87.8,35,100,9.17,SA,1596850552
colares,38.8,-9.45,68.0,91,24,13.02,PT,1596850552
hithadhoo,-0.6,73.08,82.62,79,49,11.61,MV,1596850552
vila velha,-20.33,-40.29,69.01,93,40,5.82,BR,1596850518
ribeira grande,38.52,-28.7,69.57,75,17,12.8,PT,1596850552
iqaluit,63.75,-68.51,53.6,54,75,9.17,CA,1596850552
rudraprayag,30.28,78.98,78.91,74,19,0.38,IN,1596850552
saint-philippe,-21.36,55.77,64.4,63,53,6.93,RE,1596850552
kloulklubed,7.04,134.26,75.2,100,90,9.17,PW,1596850552
avarua,-21.21,-159.78,77.0,83,32,5.82,CK,1596850492
cape town,-33.93,18.42,44.01,86,35,2.24,ZA,1596850360
talnakh,69.49,88.4,51.8,87,75,15.66,RU,1596850552
jamestown,42.1,-79.24,66.2,77,1,6.93,US,1596850327
porto belo,-27.16,-48.55,62.01,93,20,3.36,BR,1596850552
raudeberg,61.99,5.14,66.2,82,100,12.75,NO,1596850552
broken hill,-31.95,141.43,44.6,87,32,11.41,AU,1596850552
hof,50.32,11.92,66.0,67,0,1.01,DE,1596850552
flin flon,54.77,-101.86,73.26,63,83,10.29,CA,1596850553
port alfred,-33.59,26.89,54.5,69,45,8.25,ZA,1596850553
salalah,17.02,54.09,77.0,94,90,5.82,OM,1596850553
acapulco,16.86,-99.89,84.2,79,90,4.7,MX,1596850553
sitka,57.05,-135.33,57.2,87,90,9.17,US,1596850553
mosquera,4.71,-74.23,59.0,62,75,4.7,CO,1596850553
pedernales,18.04,-71.74,83.01,69,100,3.02,DO,1596850553
hilo,19.73,-155.09,80.6,78,90,14.99,US,1596850465
north bend,43.41,-124.22,66.99,72,1,24.16,US,1596850553
puerto ayora,-0.74,-90.35,68.0,89,99,4.0,EC,1596850553
fortuna,40.6,-124.16,66.0,48,0,8.01,US,1596850553
manggar,-2.88,108.27,83.75,74,39,11.68,ID,1596850553
zyryanka,65.75,150.85,69.28,57,100,7.18,RU,1596850553
miyazu,35.53,135.18,82.4,83,75,8.05,JP,1596850553
atuona,-9.8,-139.03,78.98,74,21,23.02,PF,1596850553
ust-nera,64.57,143.2,72.63,32,100,9.28,RU,1596850553
vestmannaeyjar,63.44,-20.27,48.06,87,90,19.06,IS,1596850553
yellowknife,62.46,-114.35,64.4,88,90,3.36,CA,1596850553
oranjemund,-28.55,16.43,62.17,30,0,11.5,NA,1596850554
lazaro cardenas,17.96,-102.2,81.93,76,20,3.42,MX,1596850554
chanika,-5.42,38.02,60.13,98,55,3.2,TZ,1596850554
torbay,47.67,-52.73,66.2,77,75,10.29,CA,1596850554
sisimiut,66.94,-53.67,36.59,93,100,5.17,GL,1596850554
sur,22.57,59.53,90.63,46,100,14.0,OM,1596850554
mataura,-46.19,168.86,46.99,88,91,10.0,NZ,1596850554
belmonte,-15.86,-38.88,73.4,78,75,6.93,BR,1596850554
kodiak,57.79,-152.41,57.2,82,90,5.82,US,1596850554
nikolskoye,59.7,30.79,63.0,93,40,6.71,RU,1596850554
bentiu,9.23,29.83,72.97,84,100,3.96,SS,1596850554
chuy,-33.7,-53.46,56.07,97,100,6.44,UY,1596850554
broome,42.25,-75.83,69.01,88,40,3.36,US,1596850554
san cristobal,7.77,-72.22,84.2,51,40,13.87,VE,1596850554
kasongo,-4.45,26.67,73.58,56,0,0.58,CD,1596850554
ulladulla,-35.35,150.47,55.99,100,90,10.29,AU,1596850554
bengkulu,-3.8,102.27,82.72,75,53,1.92,ID,1596850554
dobryanka,58.46,56.42,57.2,93,75,6.71,RU,1596850554
tuktoyaktuk,69.45,-133.04,57.2,87,75,13.87,CA,1596850554
tazmalt,36.39,4.4,69.8,68,0,4.7,DZ,1596850555
saint-joseph,-21.37,55.62,64.4,63,57,6.93,RE,1596850555
grindavik,63.84,-22.43,46.4,87,90,19.46,IS,1596850555
east london,-33.02,27.91,54.1,69,49,9.31,ZA,1596850555
kapaa,22.08,-159.32,84.2,74,75,11.41,US,1596850555
mezen,65.85,44.24,53.02,95,94,7.56,RU,1596850555
aykhal,66.0,111.5,62.6,77,1,2.24,RU,1596850555
beloha,-25.17,45.05,56.89,78,0,4.79,MG,1596850555
victoria,22.29,114.16,89.01,66,97,8.01,HK,1596850413
khatanga,71.97,102.5,56.88,80,100,17.22,RU,1596850555
longyearbyen,78.22,15.64,50.0,81,20,2.24,SJ,1596850507
pisco,-13.7,-76.22,60.8,82,3,2.24,PE,1596850555
san juan,-31.54,-68.54,50.22,45,1,2.3,AR,1596850325
tomatlan,19.93,-105.25,79.72,88,100,3.53,MX,1596850288
fort nelson,58.81,-122.7,71.6,40,75,4.7,CA,1596850555
sinnamary,5.38,-52.95,78.84,83,16,8.23,GF,1596850555
bredasdorp,-34.53,20.04,37.4,100,53,2.24,ZA,1596850555
fauske,67.26,15.39,60.01,92,65,5.28,NO,1596850555
aklavik,68.22,-135.01,59.0,82,75,11.41,CA,1596850555
cody,44.53,-109.06,90.0,36,1,13.87,US,1596850556
abu dhabi,24.47,54.37,91.4,70,100,6.93,AE,1596850449
manokwari,-0.87,134.08,84.04,67,100,5.01,ID,1596850556
betong,5.77,101.07,80.96,78,97,1.54,TH,1596850556
shenjiamen,29.96,122.3,81.19,87,76,20.56,CN,1596850556
kharp,66.8,65.81,52.77,84,100,5.64,RU,1596850556
port hardy,50.7,-127.42,57.2,93,90,5.66,CA,1596850556
basco,20.45,121.97,84.27,78,26,13.71,PH,1596850556
archidona,37.1,-4.39,77.0,82,45,3.6,ES,1596850556
busselton,-33.65,115.33,57.0,46,74,21.0,AU,1596850523
sosnovo-ozerskoye,52.52,111.54,60.37,85,87,9.64,RU,1596850556
norman wells,65.28,-126.83,68.0,64,40,6.93,CA,1596850556
makokou,0.57,12.86,69.28,84,23,3.02,GA,1596850556
dingle,11.0,122.67,82.92,82,94,11.3,PH,1596850556
mar del plata,-38.0,-57.56,48.0,100,0,7.11,AR,1596850556
walvis bay,-22.96,14.51,55.99,87,0,6.93,NA,1596850556
gorontalo,0.54,123.06,86.36,61,1,6.71,ID,1596850556
severo-kurilsk,50.68,156.12,53.47,93,100,24.52,RU,1596850556
ilulissat,69.22,-51.1,39.2,80,100,1.12,GL,1596850556
guerrero negro,27.98,-114.06,70.02,72,0,17.63,MX,1596850556
port-gentil,-0.72,8.78,75.13,75,72,8.37,GA,1596850557
chokurdakh,70.63,147.92,52.14,81,100,11.92,RU,1596850557
recsk,47.93,20.12,68.05,71,95,6.06,HU,1596850557
cururupu,-1.83,-44.87,73.09,90,0,2.66,BR,1596850557
porto walter,-8.27,-72.74,74.23,56,17,0.76,BR,1596850557
neryungri,56.67,124.65,64.15,51,31,10.49,RU,1596850557
qaqortoq,60.72,-46.03,44.6,93,100,2.24,GL,1596850557
arraial do cabo,-22.97,-42.03,70.66,77,0,20.2,BR,1596850446
faya,18.39,42.45,66.2,77,20,3.56,SA,1596850557
russell,32.35,-85.2,84.2,78,40,0.65,US,1596850557
nanortalik,60.14,-45.24,45.52,90,100,3.36,GL,1596850557
khartoum,15.55,32.53,80.6,69,90,10.29,SD,1596850557
vostok,46.49,135.88,58.91,88,100,2.28,RU,1596850557
qaanaaq,77.48,-69.36,36.72,79,0,4.45,GL,1596850490
carnarvon,-24.87,113.63,71.6,56,58,12.75,AU,1596850557
sao joao da barra,-21.64,-41.05,69.87,78,0,11.36,BR,1596850557
harper,4.38,-7.72,75.0,76,86,10.36,LR,1596850557
bakel,14.9,-12.46,83.07,75,67,14.72,SN,1596850557
paita,-5.09,-81.11,62.83,79,0,12.86,PE,1596850557
bullhead city,35.15,-114.57,104.0,4,40,10.31,US,1596850557
wadi musa,30.32,35.48,63.52,57,0,5.21,JO,1596850557
sarai alamgir,32.9,73.76,84.2,79,40,4.7,PK,1596850557
tuatapere,-46.13,167.68,46.99,88,93,10.0,NZ,1596850557
kingaroy,-26.53,151.83,64.0,82,75,8.05,AU,1596850558
mhlume,-26.03,31.85,51.8,81,0,2.24,SZ,1596850558
southbridge,42.08,-72.03,69.01,82,41,5.68,US,1596850558
pangnirtung,66.15,-65.71,47.03,53,97,2.84,CA,1596850558
barrow,71.29,-156.79,41.0,86,90,12.75,US,1596850268
coihueco,-36.62,-71.83,44.22,81,84,2.37,CL,1596850558
cherskiy,68.75,161.3,48.72,90,100,8.63,RU,1596850558
akyab,20.15,92.9,82.4,83,100,7.85,MM,1596850558
altay,47.87,88.12,70.9,35,0,3.96,CN,1596850558
outjo,-20.12,16.15,54.59,36,0,8.5,NA,1596850558
lardos,36.09,28.02,77.0,94,1,17.22,GR,1596850558
kinkala,-4.36,14.76,71.6,78,4,4.7,CG,1596850558
hauterive,46.09,3.45,68.0,56,0,4.7,FR,1596850558
la serena,-29.91,-71.25,51.8,87,0,4.7,CL,1596850498
tarakan,3.3,117.63,81.36,78,95,6.6,ID,1596850558
necochea,-38.55,-58.74,41.0,90,54,1.99,AR,1596850558
lovozero,68.0,35.01,52.47,90,100,2.91,RU,1596850558
cidreira,-30.18,-50.21,59.07,82,0,5.19,BR,1596850558
zhangye,38.93,100.45,83.57,22,15,7.47,CN,1596850559
castro,-24.79,-50.01,53.4,70,8,2.64,BR,1596850559
taoudenni,22.68,-3.98,100.54,10,16,9.44,ML,1596850559
lagoa,39.05,-27.98,68.23,70,34,10.96,PT,1596850559
meulaboh,4.14,96.13,81.7,73,82,2.84,ID,1596850559
varzea da palma,-17.6,-44.73,64.69,61,0,7.87,BR,1596850559
northam,51.03,-4.22,63.0,99,2,1.99,GB,1596850559
tres lagoas,-20.75,-51.68,65.07,37,0,1.79,BR,1596850559
mayumba,-3.43,10.66,73.02,83,79,4.99,GA,1596850305
rio gallegos,-51.62,-69.22,37.4,64,100,5.82,AR,1596850559
yako,12.97,-2.27,74.73,91,95,8.61,BF,1596850559
tura,25.52,90.22,79.3,93,100,4.59,IN,1596850559
bulgan,48.81,103.53,60.55,58,0,3.69,MN,1596850559
narsaq,60.92,-46.05,44.6,93,100,2.24,GL,1596850559
pevek,69.7,170.31,38.44,96,100,11.81,RU,1596850559
erzin,36.96,36.2,80.01,83,67,0.78,TR,1596850559
cabo san lucas,22.89,-109.91,91.0,69,5,13.87,MX,1596850559
matamoros,25.53,-103.25,95.0,21,40,6.93,MX,1596850559
lyuban,52.8,28.0,62.19,94,26,4.41,BY,1596850559
tangshan,39.63,118.18,88.0,16,2,1.99,CN,1596850560
faanui,-16.48,-151.75,79.0,74,0,13.73,PF,1596850560
itarema,-2.92,-39.92,77.85,80,0,14.7,BR,1596850560
te anau,-45.42,167.72,45.39,63,5,1.1,NZ,1596850560
zhigansk,66.77,123.37,63.21,49,83,14.83,RU,1596850560
malakal,9.53,31.66,72.39,88,100,2.82,SS,1596850560
hasaki,35.73,140.83,86.0,78,75,6.93,JP,1596850560
new richmond,45.12,-92.54,75.2,73,1,6.93,US,1596850529
lokosovo,61.13,74.82,66.31,60,0,4.52,RU,1596850560
georgetown,5.41,100.34,84.2,88,20,3.36,MY,1596850312
acajutla,13.59,-89.83,75.99,96,100,2.77,SV,1596850560
hamilton,39.18,-84.53,75.2,53,75,4.7,US,1596850560
sioux lookout,50.1,-91.92,78.8,65,75,6.93,CA,1596850560
szentmartonkata,47.45,19.7,69.8,68,61,8.05,HU,1596850560
lebu,-37.62,-73.65,47.7,88,100,6.55,CL,1596850560
seoul,37.57,126.98,78.8,74,90,4.7,KR,1596850344
kavaratti,10.57,72.64,81.93,79,100,21.18,IN,1596850560
cayenne,4.93,-52.33,77.0,94,25,9.31,GF,1596850560
bonthe,7.53,-12.51,75.24,88,100,9.64,SL,1596850560
medicine hat,50.05,-110.67,64.4,48,20,8.05,CA,1596850555
mackay,-21.15,149.2,73.0,88,90,6.93,AU,1596850561
surgut,61.25,73.42,66.2,72,0,4.47,RU,1596850561
batemans bay,-35.72,150.18,54.0,100,100,12.3,AU,1596850561
bethel,41.37,-73.41,71.6,64,75,3.36,US,1596850561
port macquarie,-31.43,152.92,63.0,84,30,3.87,AU,1596850561
nsawam,5.81,-0.35,73.4,88,20,11.41,GH,1596850561
kaitangata,-46.28,169.85,51.01,58,51,1.99,NZ,1596850561
khandyga,62.67,135.6,78.75,30,89,1.48,RU,1596850561
karaton,-6.34,106.1,80.6,83,20,5.82,ID,1596850561
constitucion,-35.33,-72.42,49.91,71,74,4.92,CL,1596850561
lakatoro,-16.1,167.42,80.6,69,40,13.87,VU,1596850561
san rafael,-34.62,-68.33,48.67,47,37,2.91,AR,1596850436
goma,-1.68,29.22,63.5,65,3,2.75,CD,1596850561
poum,-20.23,164.02,70.95,70,73,5.73,NC,1596850561
idanre,7.11,5.12,66.27,100,98,1.45,NG,1596850561
tortoli,39.93,9.66,75.2,57,0,11.41,IT,1596850561
topchikha,52.82,83.12,62.6,93,20,6.71,RU,1596850490
deputatskiy,69.3,139.9,58.26,53,19,15.55,RU,1596850307
haapiti,-17.57,-149.87,84.2,62,20,14.99,PF,1596850562
mount isa,-20.73,139.5,64.4,42,0,14.99,AU,1596850562
atikokan,48.76,-91.62,67.86,94,67,5.84,CA,1596850562
marzuq,14.4,46.47,81.88,37,100,3.71,YE,1596850562
adrar,20.5,-10.07,96.17,15,60,16.35,MR,1596850562
oga,46.46,10.35,52.0,100,75,1.12,IT,1596850562
pitrufquen,-38.98,-72.65,42.01,77,91,0.69,CL,1596850562
vung tau,10.35,107.08,82.78,77,48,10.92,VN,1596850562
anadyr,64.75,177.48,59.0,58,75,13.42,RU,1596850562
calamar,10.25,-74.91,80.2,81,100,2.15,CO,1596850562
antofagasta,-23.65,-70.4,59.0,72,90,5.82,CL,1596850496
quelimane,-17.88,36.89,68.0,88,75,8.79,MZ,1596850562
christchurch,-43.53,172.63,51.01,70,74,10.29,NZ,1596850562
dikson,73.51,80.55,45.03,99,99,17.07,RU,1596850562
coahuayana,18.73,-103.68,78.8,83,75,11.41,MX,1596850562
geraldton,-28.77,114.6,62.6,45,2,18.34,AU,1596850562
rio grande,-32.03,-52.1,57.99,95,51,1.01,BR,1596850562
touros,-5.2,-35.46,71.6,88,0,6.93,BR,1596850563
itoman,26.12,127.67,87.8,66,40,10.29,JP,1596850563
pozo colorado,-23.49,-58.8,70.54,41,0,5.03,PY,1596850563
nurobod,40.91,69.8,77.0,53,20,4.7,UZ,1596850563
kazachinskoye,57.7,93.28,69.67,60,89,2.42,RU,1596850563
caucaia,-3.74,-38.65,78.8,74,3,8.05,BR,1596850563
pekalongan,-6.89,109.68,68.0,71,94,4.36,ID,1596850563
chara,56.91,118.26,64.58,61,70,0.89,RU,1596850563
souillac,-20.52,57.52,64.4,88,40,2.24,MU,1596850563
elk river,45.3,-93.57,79.0,77,98,1.01,US,1596850390
pareora,-44.49,171.21,51.01,61,48,8.99,NZ,1596850563
andenes,69.31,16.12,57.99,74,50,10.0,NO,1596850563
brae,60.4,-1.35,53.6,87,71,13.87,GB,1596850563
malibu,34.01,-118.81,73.0,82,0,4.0,US,1596850373
bandarbeyla,9.49,50.81,78.39,64,61,33.04,SO,1596850563
vyshhorod,50.58,30.49,68.0,64,23,6.71,UA,1596850564
alexandria,31.22,29.96,80.6,83,0,8.05,EG,1596850324
saint anthony,45.02,-93.22,80.6,65,1,12.75,US,1596850564
port lincoln,-34.73,135.87,56.25,73,84,15.12,AU,1596850564
klaksvik,62.23,-6.59,51.8,93,23,5.82,FO,1596850564
ulagan,50.63,87.96,59.45,60,10,1.54,RU,1596850564
seydi,39.48,62.91,77.5,30,0,6.49,TM,1596850564
talavera,15.62,120.93,84.74,72,76,5.37,PH,1596850564
bayji,34.93,43.49,87.85,22,0,10.45,IQ,1596850564
olafsvik,64.89,-23.71,47.05,84,94,11.05,IS,1596850564
pandan,14.05,124.17,80.11,83,100,9.55,PH,1596850564
caravelas,-17.71,-39.25,69.69,80,24,6.64,BR,1596850564
hovd,48.01,91.64,61.93,50,1,4.05,MN,1596850564
novoagansk,61.94,76.66,67.1,61,0,4.56,RU,1596850564
san fernando,15.03,120.69,82.4,88,90,10.29,PH,1596850564
avera,33.19,-82.53,77.0,67,1,5.82,US,1596850564
ponta do sol,32.67,-17.1,71.6,78,20,1.12,PT,1596850564
katsuura,35.13,140.3,86.0,83,75,9.17,JP,1596850565
ostrovnoy,68.05,39.51,51.21,92,100,2.57,RU,1596850565
kahului,20.89,-156.47,87.8,55,40,26.4,US,1596850565
lebedinyy,58.52,125.52,64.2,52,96,7.02,RU,1596850565
quatre cocos,-20.21,57.76,64.99,88,40,2.24,MU,1596850565
kasulu,-4.58,30.1,68.0,82,5,1.1,TZ,1596850565
saskylakh,71.92,114.08,58.33,87,100,10.67,RU,1596850565
biryusinsk,55.96,97.82,60.13,95,100,6.15,RU,1596850565
kolosovka,56.47,73.61,66.51,74,0,4.88,RU,1596850565
kununurra,-15.77,128.73,75.2,20,34,13.87,AU,1596850565
takoradi,4.88,-1.76,72.59,86,30,9.08,GH,1596850565
cabedelo,-6.98,-34.83,71.6,88,3,5.82,BR,1596850284
henties bay,-22.12,14.28,55.99,90,0,5.99,NA,1596850565
rawson,-43.3,-65.1,47.64,60,98,16.89,AR,1596850565
izhma,65.01,53.91,52.75,84,100,4.65,RU,1596850565
lungi,9.22,-12.68,71.33,99,100,2.17,SL,1596850565
izazi,-7.2,35.73,64.4,63,5,11.41,TZ,1596850565
husavik,66.04,-17.34,51.8,66,20,11.41,IS,1596850565
kodinsk,58.69,99.18,71.62,51,73,5.75,RU,1596850565
labytnangi,66.66,66.42,51.84,91,100,11.59,RU,1596850565
leningradskiy,69.38,178.42,40.98,82,100,7.07,RU,1596850565
ardakan,32.31,54.02,78.8,29,75,11.41,IR,1596850566
airai,-8.93,125.41,72.68,55,32,2.68,TL,1596850566
korla,41.76,86.15,86.76,21,72,10.92,CN,1596850566
hoquiam,46.98,-123.89,66.0,68,90,8.05,US,1596850566
liverpool,53.41,-2.98,66.2,82,33,4.7,GB,1596850449
thompson,55.74,-97.86,84.2,51,40,4.7,CA,1596850566
plettenberg bay,-34.05,23.37,55.58,38,100,5.12,ZA,1596850566
goalpara,26.17,90.62,84.85,80,100,5.41,IN,1596850566
chernyshevskiy,63.01,112.47,73.67,41,92,3.87,RU,1596850566
surt,31.21,16.59,76.14,77,0,4.97,LY,1596850561
magistralnyy,56.17,107.45,64.04,83,96,5.93,RU,1596850566
santiago del estero,-27.8,-64.26,57.81,64,81,6.62,AR,1596850566
padang,-0.95,100.35,84.09,57,73,0.89,ID,1596850517
salinopolis,-0.61,-47.36,79.57,81,3,10.6,BR,1596850566
barra patuca,15.8,-84.28,80.71,83,86,10.13,HN,1596850566
rudbar,30.15,62.6,78.69,29,14,8.95,AF,1596850566
saint-georges,12.06,-61.75,84.2,79,20,14.99,GD,1596850566
bozova,37.36,38.53,78.8,24,0,8.05,TR,1596850566
okhotsk,59.38,143.3,68.86,53,79,4.07,RU,1596850566
sistranda,63.73,8.83,59.0,93,75,2.24,NO,1596850567
alofi,-19.06,-169.92,77.0,65,3,8.05,NU,1596850567
hambantota,6.12,81.12,80.6,83,75,10.29,LK,1596850567
morondava,-20.28,44.28,69.24,55,0,17.83,MG,1596850567
maceio,-9.67,-35.74,69.8,94,75,2.24,BR,1596850407
hualmay,-11.1,-77.61,60.08,81,13,8.14,PE,1596850567
beringovskiy,63.05,179.32,49.89,89,100,11.72,RU,1596850567
itaituba,-4.28,-55.98,76.82,52,0,1.9,BR,1596850567
zhezkazgan,47.8,67.71,72.57,59,34,14.36,KZ,1596850567
akmene,56.25,22.75,62.6,77,0,1.12,LT,1596850567
tiksi,71.69,128.87,48.22,86,99,7.18,RU,1596850567
la ronge,55.1,-105.28,68.0,88,90,3.36,CA,1596850567
forbesganj,26.3,87.25,87.26,70,49,3.33,IN,1596850567
manbij,36.53,37.95,80.6,39,0,1.12,SY,1596850567
san patricio,19.22,-104.7,86.0,74,40,23.04,MX,1596850567
manzhouli,49.6,117.43,66.97,79,100,3.62,CN,1596850567
bowen,-20.02,148.23,77.0,94,90,6.93,AU,1596850567
cap malheureux,-19.98,57.61,64.99,78,4,4.0,MU,1596850567
atlantic city,39.36,-74.42,71.01,94,90,9.17,US,1596850567
goderich,43.75,-81.72,69.01,83,0,6.67,CA,1596850567
dondaicha,21.33,74.57,80.91,78,94,11.7,IN,1596850567
skovorodino,53.98,123.92,54.61,94,100,8.5,RU,1596850568
swellendam,-34.02,20.44,37.4,100,98,2.24,ZA,1596850568
akureyri,65.68,-18.09,51.8,66,20,11.41,IS,1596850568
burgeo,47.62,-57.62,61.23,85,52,8.81,CA,1596850568
bud,39.45,-86.18,72.0,80,5,3.67,US,1596850568
menomonie,44.88,-91.92,73.0,77,1,8.05,US,1596850568
puerto del rosario,28.5,-13.86,73.4,73,90,16.11,ES,1596850568
bilma,18.69,12.92,82.04,63,58,8.48,NE,1596850568
bambous virieux,-20.34,57.76,64.99,88,40,2.24,MU,1596850568
toamasina,-18.17,49.38,64.4,93,40,4.79,MG,1596850568
tasiilaq,65.61,-37.64,42.8,87,21,16.11,GL,1596850568
port hedland,-20.32,118.57,71.6,28,0,19.46,AU,1596850568
atambua,-9.11,124.89,82.98,53,93,1.07,ID,1596850568
nemuro,43.32,145.57,66.2,68,75,8.05,JP,1596850568
mnogovershinnyy,53.94,139.92,67.91,38,0,5.41,RU,1596850316
panorama,40.59,23.03,75.2,73,40,12.75,GR,1596850568
jiblah,13.92,44.15,63.93,74,100,4.85,YE,1596850568
ailigandi,9.23,-78.02,80.91,85,89,7.31,PA,1596850568
denia,38.84,0.11,81.0,58,0,1.99,ES,1596850282
mildura,-34.2,142.15,48.2,87,90,8.05,AU,1596850553
tucumcari,35.17,-103.72,93.2,26,40,10.29,US,1596850383
domoni,-12.26,44.53,72.86,80,56,14.88,KM,1596850569
los llanos de aridane,28.66,-17.92,75.2,64,90,14.99,ES,1596850569
berlevag,70.86,29.09,51.17,88,80,9.28,NO,1596850569
jertih,5.73,102.49,80.6,94,20,2.24,MY,1596850569
bilibino,68.05,166.44,51.44,66,100,5.26,RU,1596850569
huilong,31.81,121.66,90.0,71,89,8.01,CN,1596850569
santa rosa,14.31,121.11,82.4,78,100,3.36,PH,1596850569
lodwar,3.12,35.6,80.55,58,95,6.89,KE,1596850569
sechura,-5.56,-80.82,62.53,77,10,16.24,PE,1596850569
kawalu,-7.38,108.21,78.03,68,65,2.21,ID,1596850569
general pico,-35.66,-63.76,48.27,65,56,7.36,AR,1596850569
katobu,-4.94,122.53,85.57,60,23,5.79,ID,1596850569
hohhot,40.81,111.65,71.6,78,20,4.47,CN,1596850569
inverness,57.48,-4.22,51.01,93,0,1.12,GB,1596850569
townsville,-19.25,146.8,79.0,27,73,19.46,AU,1596850466
luderitz,-26.65,15.16,60.8,25,0,9.17,NA,1596850569
esperance,-33.87,121.9,46.4,93,35,9.17,AU,1596850569
hutang,31.53,119.48,80.01,94,90,11.18,CN,1596850569
santa cruz,-17.8,-63.17,71.6,73,0,4.7,BO,1596850569
ixtapa,20.7,-105.2,87.8,74,75,6.93,MX,1596850570
belen,36.49,36.22,78.8,83,40,12.75,TR,1596850570
koungou,-12.73,45.2,75.2,78,20,16.11,YT,1596850570
gunjur,13.2,-16.73,78.8,100,40,9.66,GM,1596850570
wenatchee,47.42,-120.31,81.0,24,1,6.93,US,1596850457
campbell river,50.02,-125.24,60.8,82,90,19.46,CA,1596850570
santa rosa del sur,7.96,-74.05,71.4,95,89,3.0,CO,1596850570
tecoanapa,16.52,-98.75,79.02,87,100,6.8,MX,1596850570
crotone,39.09,17.12,73.94,68,11,6.89,IT,1596850570
sainte-marie,-20.9,55.55,60.8,72,11,6.93,RE,1596850570
marsa matruh,31.35,27.25,75.2,88,0,5.82,EG,1596850570
asau,46.43,26.4,68.0,63,7,6.02,RO,1596850570
springville,40.17,-111.61,91.4,7,1,5.08,US,1596850432
nieuw amsterdam,5.88,-55.08,78.8,83,20,3.36,SR,1596850570
portland,45.52,-122.68,78.01,51,6,1.01,US,1596850310
mont-dore,-22.28,166.58,77.0,95,4,12.39,NC,1596850570
nichinan,31.6,131.37,87.8,70,40,11.41,JP,1596850570
usinsk,65.99,57.53,53.06,78,95,6.31,RU,1596850570
tanout,14.97,8.89,76.84,71,98,15.17,NE,1596850570
praia,14.92,-23.51,78.8,88,75,12.75,CV,1596850570
nishihara,26.18,127.76,87.8,66,40,10.29,JP,1596850571
bambanglipuro,-7.95,110.28,80.8,64,84,2.89,ID,1596850571
escarcega,18.61,-90.75,80.11,67,95,3.87,MX,1596850571
samana,19.21,-69.34,80.6,88,75,8.97,DO,1596850571
puerto escondido,15.85,-97.07,81.45,76,100,5.86,MX,1596850571
toora-khem,52.47,96.11,53.78,86,100,2.26,RU,1596850571
ayagoz,47.97,80.44,71.19,40,0,12.88,KZ,1596850571
omsukchan,62.53,155.8,70.27,39,23,1.23,RU,1596850571
chengde,40.97,117.94,84.45,40,98,2.55,CN,1596850571
general roca,-39.03,-67.58,44.6,65,92,5.95,AR,1596850571
lorengau,-2.02,147.27,85.01,70,100,5.97,PG,1596850571
boa vista,2.82,-60.67,78.8,83,75,6.93,BR,1596850571
camana,-16.62,-72.71,58.91,76,0,5.73,PE,1596850571
hervey bay,-25.3,152.85,68.0,92,80,4.0,AU,1596850571
jieshi,22.81,115.83,84.54,76,88,5.61,CN,1596850571
igarka,67.47,86.58,60.19,71,100,4.34,RU,1596850571
siilinjarvi,63.08,27.67,59.0,93,35,3.36,FI,1596850571
clearwater,27.97,-82.8,86.0,70,1,7.09,US,1596850552
tottori,35.5,134.23,86.0,70,75,2.24,JP,1596850572
tigil,57.8,158.67,69.06,44,100,1.41,RU,1596850572
sakaiminato,35.55,133.23,80.6,94,90,2.24,JP,1596850572
cockburn town,21.46,-71.14,82.44,78,0,16.69,TC,1596850565
sangar,63.92,127.47,72.5,37,2,2.01,RU,1596850572
alyangula,-13.85,136.42,78.8,69,40,6.93,AU,1596850572
petropavlovsk-kamchatskiy,53.05,158.65,53.6,100,90,13.42,RU,1596850572
mount gambier,-37.83,140.77,51.8,81,90,16.11,AU,1596850572
kavieng,-2.57,150.8,78.3,89,100,15.95,PG,1596850572
karpathos,35.51,27.21,77.0,78,1,11.41,GR,1596850572
fasa,28.94,53.65,80.6,28,20,5.61,IR,1596850572
wilmington,34.23,-77.94,80.6,78,1,8.05,US,1596850531
palmer,42.16,-72.33,75.2,64,90,6.93,US,1596850572
keokuk,40.4,-91.38,77.0,78,90,9.17,US,1596850572
rumonge,-3.97,29.44,72.95,52,0,2.66,BI,1596850572
matara,5.95,80.54,79.32,83,100,11.1,LK,1596850302
sao geraldo do araguaia,-6.4,-48.55,75.42,40,0,3.85,BR,1596850572
tshikapa,-6.42,20.8,69.48,44,27,2.13,CD,1596850572
anshun,26.25,105.93,71.13,89,100,11.65,CN,1596850573
chabahar,25.29,60.64,83.82,81,100,3.24,IR,1596850573
nhulunbuy,-12.23,136.77,84.2,54,47,12.75,AU,1596850573
calama,-22.47,-68.93,46.4,10,0,6.93,CL,1596850573
hangu,39.25,117.79,81.0,74,75,4.47,CN,1596850573
aleksandrovka,46.84,32.76,75.2,53,0,13.42,UA,1596850573
sibu,2.3,111.82,82.4,83,20,2.24,MY,1596850307
clyde river,70.47,-68.59,41.0,80,90,24.16,CA,1596850573
turukhansk,65.82,87.98,67.24,61,100,5.84,RU,1596850573
montilla,37.59,-4.64,80.6,57,29,1.12,ES,1596850573
bertoua,4.58,13.68,65.84,98,100,4.25,CM,1596850573
mutis,6.23,-77.4,79.03,83,100,2.86,CO,1596850573
oistins,13.07,-59.53,82.4,78,75,19.46,BB,1596850573
hirara,24.8,125.28,87.8,70,20,8.05,JP,1596850573
yenagoa,4.92,6.26,72.36,90,1,3.74,NG,1596850573
codrington,-38.27,141.97,50.31,89,100,14.32,AU,1596850573
port elizabeth,-33.92,25.57,48.2,93,76,6.93,ZA,1596850573
cherbourg,49.64,-1.61,68.0,77,63,4.7,FR,1596850573
sugod,12.99,124.08,81.09,79,100,6.67,PH,1596850573
katol,21.27,78.58,77.0,94,90,8.88,IN,1596850574
maxixe,-23.86,35.35,60.12,77,8,8.23,MZ,1596850574
sonoita,31.85,-112.83,100.99,17,0,1.01,MX,1596850574
warwick,41.7,-71.42,72.0,68,40,5.82,US,1596850565
sharjah,25.36,55.4,91.4,79,75,11.41,AE,1596850574
maneadero,31.72,-116.57,70.0,80,1,4.0,MX,1596850548
barillas,15.8,-91.32,63.07,94,100,1.61,GT,1596850574
sobolevo,54.43,31.9,62.08,87,93,2.98,RU,1596850574
riacho de santana,-13.61,-42.94,64.63,69,97,8.75,BR,1596850574
vardo,70.37,31.11,52.43,86,91,6.76,NO,1596850574
wanning,18.8,110.4,87.3,65,86,1.19,CN,1596850330
kupang,-10.17,123.58,84.2,58,20,11.41,ID,1596850574
kaeo,-35.1,173.78,59.0,3,54,11.99,NZ,1596850574
ufa,54.77,56.04,66.2,82,75,8.95,RU,1596850574
chik,54.99,82.43,62.6,100,90,2.24,RU,1596850574
bathsheba,13.22,-59.52,82.4,78,75,19.46,BB,1596850574
noumea,-22.28,166.46,77.0,53,1,8.05,NC,1596850574
auray,47.67,-2.99,68.0,70,14,8.16,FR,1596850574
vaitape,-16.52,-151.75,79.84,72,0,13.67,PF,1596850447
yerofey pavlovich,53.97,121.97,55.02,96,100,8.08,RU,1596850575
shupiyan,33.72,74.83,69.15,75,73,0.98,IN,1596850575
ambon,-3.7,128.18,75.2,94,75,4.7,ID,1596850305
ipira,-12.16,-39.74,63.61,96,11,5.75,BR,1596850575
kaliua,-5.06,31.79,64.06,48,12,6.8,TZ,1596850575
naron,43.52,-8.15,66.0,90,7,4.92,ES,1596850575
cabinda,-5.55,12.2,71.22,89,28,6.64,AO,1596850575
morrope,-6.54,-80.01,60.13,84,0,12.53,PE,1596850575
tatvan,38.51,42.28,62.76,59,0,8.97,TR,1596850575
opuwo,-18.06,13.84,48.24,60,0,2.39,NA,1596850575
krutinka,56.01,71.51,65.8,74,89,7.7,RU,1596850575
sakakah,29.97,40.21,87.8,19,0,14.99,SA,1596850575
banff,51.18,-115.57,60.01,43,45,13.0,CA,1596850575
provost,52.35,-110.27,51.91,86,100,22.3,CA,1596850575
alma,48.55,-71.65,68.0,88,75,8.05,CA,1596850468
sinop,41.77,34.87,67.78,50,0,4.0,TR,1596850575
linxia,35.6,103.21,72.7,46,49,6.08,CN,1596850575
yining,29.04,114.56,83.97,76,100,2.08,CN,1596850575
kidal,18.44,1.41,86.34,53,63,19.55,ML,1596850575
marshall,34.38,-86.33,75.99,83,1,3.31,US,1596850576
arrecife,28.96,-13.55,73.4,73,90,17.22,ES,1596850480
pokhara,28.23,83.98,78.39,81,38,1.66,NP,1596850576
kamachumu,-1.62,31.62,68.0,88,20,3.31,TZ,1596850576
amontada,-3.36,-39.83,75.0,80,0,7.27,BR,1596850576
arrifes,37.77,-25.7,69.8,83,75,11.41,PT,1596850576
mazamari,-11.33,-74.53,69.33,60,0,1.92,PE,1596850576
san quintin,30.48,-115.95,68.43,74,0,13.89,MX,1596850576
harbour breton,47.48,-55.8,62.78,87,100,8.55,CA,1596850576
naberera,-4.2,36.93,55.08,98,5,5.1,TZ,1596850576
kalmunai,7.42,81.82,82.44,66,98,4.79,LK,1596850302
arenapolis,-14.45,-56.85,70.92,35,21,2.55,BR,1596850576
isangel,-19.55,169.27,78.8,57,40,8.05,VU,1596850576
namibe,-15.2,12.15,62.01,89,1,3.18,AO,1596850576
tazovskiy,67.47,78.7,51.15,90,100,7.81,RU,1596850576
chenghai,23.46,116.77,86.0,74,40,4.47,CN,1596850576
pochutla,15.74,-96.47,80.01,85,100,7.0,MX,1596850576
saint-augustin,51.23,-58.65,67.82,55,0,5.79,CA,1596850576
osoyoos,49.03,-119.45,73.4,38,75,14.99,CA,1596850577
iwanai,42.97,140.51,71.62,67,98,1.43,JP,1596850577
kambove,-10.88,26.6,55.6,47,0,5.86,CD,1596850577
burns lake,54.23,-125.75,56.46,55,60,10.2,CA,1596850542
helong,42.54,129.0,76.75,62,84,4.21,CN,1596850577
kozhevnikovo,56.26,83.97,63.0,94,2,3.36,RU,1596850577
vilcun,-38.65,-72.23,42.01,77,52,1.5,CL,1596850577
rorvik,64.86,11.24,60.28,80,100,5.19,NO,1596850577
grahamstown,-33.3,26.53,42.64,78,89,4.09,ZA,1596850577
stromness,58.97,-3.3,54.0,93,20,8.05,GB,1596850577
nalut,30.33,10.85,72.36,63,0,19.26,LY,1596850577
kimbe,-5.55,150.14,85.01,68,100,5.68,PG,1596850577
anqing,30.51,117.05,89.46,65,75,11.5,CN,1596850577
grand gaube,-20.01,57.66,64.99,78,3,4.0,MU,1596850577
wanxian,30.8,108.39,81.55,83,100,2.59,CN,1596850577
micheweni,-4.97,39.83,75.09,81,29,13.91,TZ,1596850577
egvekinot,66.32,-179.17,50.13,63,81,2.28,RU,1596850577
porto nacional,-10.71,-48.42,71.6,56,0,8.05,BR,1596850577
labuan,5.28,115.24,86.0,74,20,3.36,MY,1596850577
qena,26.16,32.72,84.2,37,86,12.15,EG,1596850577
beckum,51.75,8.03,70.0,63,0,3.29,DE,1596850577
sabha,27.04,14.43,81.77,30,0,11.88,LY,1596850578
mangochi,-14.48,35.26,63.43,71,3,10.04,MW,1596850578
caruray,10.31,119.01,85.98,69,96,6.98,PH,1596850578
capoterra,39.18,8.97,75.99,83,0,5.82,IT,1596850578
bam,29.11,58.36,83.12,16,100,5.32,IR,1596850578
kirkland lake,48.14,-80.04,68.0,72,1,6.93,CA,1596850341
viedma,-40.81,-63.0,44.01,76,100,7.72,AR,1596850484
umm lajj,25.02,37.27,82.02,62,96,0.81,SA,1596850578
tapes,-30.67,-51.4,57.47,81,0,1.77,BR,1596850578
vao,-22.67,167.48,69.69,64,77,6.96,NC,1596850578
srednekolymsk,67.45,153.68,63.21,60,100,9.82,RU,1596850578
la palma,33.85,-118.05,82.0,47,1,6.93,US,1596850396
cauquenes,-35.97,-72.32,44.65,76,99,2.3,CL,1596850578
iisalmi,63.56,27.19,59.0,93,27,3.36,FI,1596850578
ahwa,20.75,73.68,74.32,94,94,11.23,IN,1596850578
pawai,24.27,80.17,81.19,80,7,9.26,IN,1596850578
lavrentiya,65.58,-171.0,46.45,68,51,8.57,RU,1596850578
martapura,-3.42,114.85,78.8,83,100,3.36,ID,1596850578
taonan,45.33,122.78,80.38,57,100,11.59,CN,1596850578
shimoda,34.67,138.95,89.01,83,75,17.22,JP,1596850578
el fuerte,26.42,-108.62,88.88,67,23,7.47,MX,1596850579
lantawan,10.62,123.98,84.2,79,75,5.82,PH,1596850579
shingu,33.73,135.98,84.2,83,75,5.82,JP,1596850579
sao caetano de odivelas,-0.75,-48.02,76.84,86,10,7.18,BR,1596850579
tupiza,-21.45,-65.72,48.11,65,0,4.63,BO,1596850579
garh maharaja,30.83,71.91,94.17,49,73,8.14,PK,1596850579
calvinia,-31.47,19.78,48.22,44,100,15.95,ZA,1596850579
hengyang,26.89,112.61,88.12,63,100,7.36,CN,1596850293
